# random elements for matrix with 0-initialized main diagonal
0  16  3  45  26  -50  -36  -16  37  -20  -45  24  -27  46  28  -14  33  -39  18  -41
-9  0  5  13  18  14  -19  -45  -44  16  17  -18  -6  36  -45  -1  -16  -27  -32  33
28  8  0  45  -8  -27  17  -3  0  -3  27  -41  41  -18  27  -15  29  32  -14  40
47  33  28  0  31  7  -21  -34  28  11  -24  15  18  -43  20  7  0  42  15  -31
43  4  46  47  0  31  -41  -17  48  48  -6  17  14  8  29  -43  -7  -46  -29  -4
33  41  35  43  16  0  -41  48  -38  36  25  -14  2  32  48  -33  0  -27  -42  -33
42  -43  35  40  0  44  0  32  35  -7  -40  33  -48  -19  15  15  16  -5  -9  9
34  -20  -50  16  15  -49  -45  0  -1  23  28  33  0  34  19  -9  -27  -1  -10  14
-41  36  -32  -24  -3  19  -3  -42  0  -38  -18  31  -27  -20  -1  -49  -11  -7  22  12
46  -48  7  -42  40  -34  -45  -45  38  0  3  -25  -9  15  -25  -15  -22  -18  -43  -32
34  25  -21  23  48  -14  -46  31  -29  -3  0  -43  46  44  -32  -48  7  -27  16  14
-6  9  -30  44  20  -33  36  -9  -15  -33  38  0  10  -24  -3  -48  -12  14  -36  13
-20  45  -37  -22  26  -25  16  -22  15  -46  15  -21  0  18  -28  -18  46  -43  9  -27
-25  27  -43  47  -8  3  40  -3  -29  -1  40  -23  11  0  -20  -41  -7  41  -15  -14
-18  -28  32  9  22  -36  -48  8  -8  11  -34  20  34  37  0  19  -8  35  -1  -7
-33  -3  23  -38  19  11  31  -30  31  -37  -16  -13  18  29  -10  0  44  -3  3  -17
-50  -1  -39  24  -43  7  38  7  -46  10  6  -21  28  12  -20  -42  0  3  -25  -4
-17  -19  30  14  33  -22  -32  33  19  -18  32  9  4  34  -24  9  38  0  13  31
-27  -48  18  -4  -7  -30  3  -21  -9  -42  -12  -6  -42  5  -46  41  -43  47  0  -8
15  -29  11  -41  -21  -38  -41  10  40  -26  -11  -48  -3  35  -8  46  30  -33  18  0